{
 "cells": [
  {
   "cell_type": "code",
   "execution_count": 28,
   "metadata": {},
   "outputs": [],
   "source": [
    "import pandas as pd\n",
    "import numpy as np\n",
    "import seaborn as sns\n",
    "import matplotlib.pyplot as plt\n",
    "%matplotlib inline"
   ]
  },
  {
   "cell_type": "code",
   "execution_count": 2,
   "metadata": {},
   "outputs": [],
   "source": [
    "db = pd.read_csv('train.csv')\n",
    "db_test = pd.read_csv('test.csv')"
   ]
  },
  {
   "cell_type": "code",
   "execution_count": 3,
   "metadata": {},
   "outputs": [],
   "source": [
    "db_copy = db"
   ]
  },
  {
   "cell_type": "code",
   "execution_count": 4,
   "metadata": {},
   "outputs": [
    {
     "data": {
      "text/html": [
       "<div>\n",
       "<style scoped>\n",
       "    .dataframe tbody tr th:only-of-type {\n",
       "        vertical-align: middle;\n",
       "    }\n",
       "\n",
       "    .dataframe tbody tr th {\n",
       "        vertical-align: top;\n",
       "    }\n",
       "\n",
       "    .dataframe thead th {\n",
       "        text-align: right;\n",
       "    }\n",
       "</style>\n",
       "<table border=\"1\" class=\"dataframe\">\n",
       "  <thead>\n",
       "    <tr style=\"text-align: right;\">\n",
       "      <th></th>\n",
       "      <th>PassengerId</th>\n",
       "      <th>Survived</th>\n",
       "      <th>Pclass</th>\n",
       "      <th>Age</th>\n",
       "      <th>SibSp</th>\n",
       "      <th>Parch</th>\n",
       "      <th>Fare</th>\n",
       "    </tr>\n",
       "  </thead>\n",
       "  <tbody>\n",
       "    <tr>\n",
       "      <th>count</th>\n",
       "      <td>891.000000</td>\n",
       "      <td>891.000000</td>\n",
       "      <td>891.000000</td>\n",
       "      <td>714.000000</td>\n",
       "      <td>891.000000</td>\n",
       "      <td>891.000000</td>\n",
       "      <td>891.000000</td>\n",
       "    </tr>\n",
       "    <tr>\n",
       "      <th>mean</th>\n",
       "      <td>446.000000</td>\n",
       "      <td>0.383838</td>\n",
       "      <td>2.308642</td>\n",
       "      <td>29.699118</td>\n",
       "      <td>0.523008</td>\n",
       "      <td>0.381594</td>\n",
       "      <td>32.204208</td>\n",
       "    </tr>\n",
       "    <tr>\n",
       "      <th>std</th>\n",
       "      <td>257.353842</td>\n",
       "      <td>0.486592</td>\n",
       "      <td>0.836071</td>\n",
       "      <td>14.526497</td>\n",
       "      <td>1.102743</td>\n",
       "      <td>0.806057</td>\n",
       "      <td>49.693429</td>\n",
       "    </tr>\n",
       "    <tr>\n",
       "      <th>min</th>\n",
       "      <td>1.000000</td>\n",
       "      <td>0.000000</td>\n",
       "      <td>1.000000</td>\n",
       "      <td>0.420000</td>\n",
       "      <td>0.000000</td>\n",
       "      <td>0.000000</td>\n",
       "      <td>0.000000</td>\n",
       "    </tr>\n",
       "    <tr>\n",
       "      <th>25%</th>\n",
       "      <td>223.500000</td>\n",
       "      <td>0.000000</td>\n",
       "      <td>2.000000</td>\n",
       "      <td>20.125000</td>\n",
       "      <td>0.000000</td>\n",
       "      <td>0.000000</td>\n",
       "      <td>7.910400</td>\n",
       "    </tr>\n",
       "    <tr>\n",
       "      <th>50%</th>\n",
       "      <td>446.000000</td>\n",
       "      <td>0.000000</td>\n",
       "      <td>3.000000</td>\n",
       "      <td>28.000000</td>\n",
       "      <td>0.000000</td>\n",
       "      <td>0.000000</td>\n",
       "      <td>14.454200</td>\n",
       "    </tr>\n",
       "    <tr>\n",
       "      <th>75%</th>\n",
       "      <td>668.500000</td>\n",
       "      <td>1.000000</td>\n",
       "      <td>3.000000</td>\n",
       "      <td>38.000000</td>\n",
       "      <td>1.000000</td>\n",
       "      <td>0.000000</td>\n",
       "      <td>31.000000</td>\n",
       "    </tr>\n",
       "    <tr>\n",
       "      <th>max</th>\n",
       "      <td>891.000000</td>\n",
       "      <td>1.000000</td>\n",
       "      <td>3.000000</td>\n",
       "      <td>80.000000</td>\n",
       "      <td>8.000000</td>\n",
       "      <td>6.000000</td>\n",
       "      <td>512.329200</td>\n",
       "    </tr>\n",
       "  </tbody>\n",
       "</table>\n",
       "</div>"
      ],
      "text/plain": [
       "       PassengerId    Survived      Pclass         Age       SibSp  \\\n",
       "count   891.000000  891.000000  891.000000  714.000000  891.000000   \n",
       "mean    446.000000    0.383838    2.308642   29.699118    0.523008   \n",
       "std     257.353842    0.486592    0.836071   14.526497    1.102743   \n",
       "min       1.000000    0.000000    1.000000    0.420000    0.000000   \n",
       "25%     223.500000    0.000000    2.000000   20.125000    0.000000   \n",
       "50%     446.000000    0.000000    3.000000   28.000000    0.000000   \n",
       "75%     668.500000    1.000000    3.000000   38.000000    1.000000   \n",
       "max     891.000000    1.000000    3.000000   80.000000    8.000000   \n",
       "\n",
       "            Parch        Fare  \n",
       "count  891.000000  891.000000  \n",
       "mean     0.381594   32.204208  \n",
       "std      0.806057   49.693429  \n",
       "min      0.000000    0.000000  \n",
       "25%      0.000000    7.910400  \n",
       "50%      0.000000   14.454200  \n",
       "75%      0.000000   31.000000  \n",
       "max      6.000000  512.329200  "
      ]
     },
     "execution_count": 4,
     "metadata": {},
     "output_type": "execute_result"
    }
   ],
   "source": [
    "db.describe()"
   ]
  },
  {
   "cell_type": "code",
   "execution_count": 5,
   "metadata": {
    "scrolled": true
   },
   "outputs": [
    {
     "data": {
      "text/html": [
       "<div>\n",
       "<style scoped>\n",
       "    .dataframe tbody tr th:only-of-type {\n",
       "        vertical-align: middle;\n",
       "    }\n",
       "\n",
       "    .dataframe tbody tr th {\n",
       "        vertical-align: top;\n",
       "    }\n",
       "\n",
       "    .dataframe thead th {\n",
       "        text-align: right;\n",
       "    }\n",
       "</style>\n",
       "<table border=\"1\" class=\"dataframe\">\n",
       "  <thead>\n",
       "    <tr style=\"text-align: right;\">\n",
       "      <th></th>\n",
       "      <th>PassengerId</th>\n",
       "      <th>Survived</th>\n",
       "      <th>Pclass</th>\n",
       "      <th>Name</th>\n",
       "      <th>Sex</th>\n",
       "      <th>Age</th>\n",
       "      <th>SibSp</th>\n",
       "      <th>Parch</th>\n",
       "      <th>Ticket</th>\n",
       "      <th>Fare</th>\n",
       "      <th>Cabin</th>\n",
       "      <th>Embarked</th>\n",
       "    </tr>\n",
       "  </thead>\n",
       "  <tbody>\n",
       "    <tr>\n",
       "      <th>0</th>\n",
       "      <td>1</td>\n",
       "      <td>0</td>\n",
       "      <td>3</td>\n",
       "      <td>Braund, Mr. Owen Harris</td>\n",
       "      <td>male</td>\n",
       "      <td>22.0</td>\n",
       "      <td>1</td>\n",
       "      <td>0</td>\n",
       "      <td>A/5 21171</td>\n",
       "      <td>7.2500</td>\n",
       "      <td>NaN</td>\n",
       "      <td>S</td>\n",
       "    </tr>\n",
       "    <tr>\n",
       "      <th>1</th>\n",
       "      <td>2</td>\n",
       "      <td>1</td>\n",
       "      <td>1</td>\n",
       "      <td>Cumings, Mrs. John Bradley (Florence Briggs Th...</td>\n",
       "      <td>female</td>\n",
       "      <td>38.0</td>\n",
       "      <td>1</td>\n",
       "      <td>0</td>\n",
       "      <td>PC 17599</td>\n",
       "      <td>71.2833</td>\n",
       "      <td>C85</td>\n",
       "      <td>C</td>\n",
       "    </tr>\n",
       "  </tbody>\n",
       "</table>\n",
       "</div>"
      ],
      "text/plain": [
       "   PassengerId  Survived  Pclass  \\\n",
       "0            1         0       3   \n",
       "1            2         1       1   \n",
       "\n",
       "                                                Name     Sex   Age  SibSp  \\\n",
       "0                            Braund, Mr. Owen Harris    male  22.0      1   \n",
       "1  Cumings, Mrs. John Bradley (Florence Briggs Th...  female  38.0      1   \n",
       "\n",
       "   Parch     Ticket     Fare Cabin Embarked  \n",
       "0      0  A/5 21171   7.2500   NaN        S  \n",
       "1      0   PC 17599  71.2833   C85        C  "
      ]
     },
     "execution_count": 5,
     "metadata": {},
     "output_type": "execute_result"
    }
   ],
   "source": [
    "db.head(2)"
   ]
  },
  {
   "cell_type": "code",
   "execution_count": 6,
   "metadata": {},
   "outputs": [
    {
     "data": {
      "text/html": [
       "<div>\n",
       "<style scoped>\n",
       "    .dataframe tbody tr th:only-of-type {\n",
       "        vertical-align: middle;\n",
       "    }\n",
       "\n",
       "    .dataframe tbody tr th {\n",
       "        vertical-align: top;\n",
       "    }\n",
       "\n",
       "    .dataframe thead th {\n",
       "        text-align: right;\n",
       "    }\n",
       "</style>\n",
       "<table border=\"1\" class=\"dataframe\">\n",
       "  <thead>\n",
       "    <tr style=\"text-align: right;\">\n",
       "      <th></th>\n",
       "      <th>PassengerId</th>\n",
       "      <th>Pclass</th>\n",
       "      <th>Name</th>\n",
       "      <th>Sex</th>\n",
       "      <th>Age</th>\n",
       "      <th>SibSp</th>\n",
       "      <th>Parch</th>\n",
       "      <th>Ticket</th>\n",
       "      <th>Fare</th>\n",
       "      <th>Cabin</th>\n",
       "      <th>Embarked</th>\n",
       "    </tr>\n",
       "  </thead>\n",
       "  <tbody>\n",
       "    <tr>\n",
       "      <th>0</th>\n",
       "      <td>892</td>\n",
       "      <td>3</td>\n",
       "      <td>Kelly, Mr. James</td>\n",
       "      <td>male</td>\n",
       "      <td>34.5</td>\n",
       "      <td>0</td>\n",
       "      <td>0</td>\n",
       "      <td>330911</td>\n",
       "      <td>7.8292</td>\n",
       "      <td>NaN</td>\n",
       "      <td>Q</td>\n",
       "    </tr>\n",
       "    <tr>\n",
       "      <th>1</th>\n",
       "      <td>893</td>\n",
       "      <td>3</td>\n",
       "      <td>Wilkes, Mrs. James (Ellen Needs)</td>\n",
       "      <td>female</td>\n",
       "      <td>47.0</td>\n",
       "      <td>1</td>\n",
       "      <td>0</td>\n",
       "      <td>363272</td>\n",
       "      <td>7.0000</td>\n",
       "      <td>NaN</td>\n",
       "      <td>S</td>\n",
       "    </tr>\n",
       "    <tr>\n",
       "      <th>2</th>\n",
       "      <td>894</td>\n",
       "      <td>2</td>\n",
       "      <td>Myles, Mr. Thomas Francis</td>\n",
       "      <td>male</td>\n",
       "      <td>62.0</td>\n",
       "      <td>0</td>\n",
       "      <td>0</td>\n",
       "      <td>240276</td>\n",
       "      <td>9.6875</td>\n",
       "      <td>NaN</td>\n",
       "      <td>Q</td>\n",
       "    </tr>\n",
       "    <tr>\n",
       "      <th>3</th>\n",
       "      <td>895</td>\n",
       "      <td>3</td>\n",
       "      <td>Wirz, Mr. Albert</td>\n",
       "      <td>male</td>\n",
       "      <td>27.0</td>\n",
       "      <td>0</td>\n",
       "      <td>0</td>\n",
       "      <td>315154</td>\n",
       "      <td>8.6625</td>\n",
       "      <td>NaN</td>\n",
       "      <td>S</td>\n",
       "    </tr>\n",
       "    <tr>\n",
       "      <th>4</th>\n",
       "      <td>896</td>\n",
       "      <td>3</td>\n",
       "      <td>Hirvonen, Mrs. Alexander (Helga E Lindqvist)</td>\n",
       "      <td>female</td>\n",
       "      <td>22.0</td>\n",
       "      <td>1</td>\n",
       "      <td>1</td>\n",
       "      <td>3101298</td>\n",
       "      <td>12.2875</td>\n",
       "      <td>NaN</td>\n",
       "      <td>S</td>\n",
       "    </tr>\n",
       "  </tbody>\n",
       "</table>\n",
       "</div>"
      ],
      "text/plain": [
       "   PassengerId  Pclass                                          Name     Sex  \\\n",
       "0          892       3                              Kelly, Mr. James    male   \n",
       "1          893       3              Wilkes, Mrs. James (Ellen Needs)  female   \n",
       "2          894       2                     Myles, Mr. Thomas Francis    male   \n",
       "3          895       3                              Wirz, Mr. Albert    male   \n",
       "4          896       3  Hirvonen, Mrs. Alexander (Helga E Lindqvist)  female   \n",
       "\n",
       "    Age  SibSp  Parch   Ticket     Fare Cabin Embarked  \n",
       "0  34.5      0      0   330911   7.8292   NaN        Q  \n",
       "1  47.0      1      0   363272   7.0000   NaN        S  \n",
       "2  62.0      0      0   240276   9.6875   NaN        Q  \n",
       "3  27.0      0      0   315154   8.6625   NaN        S  \n",
       "4  22.0      1      1  3101298  12.2875   NaN        S  "
      ]
     },
     "execution_count": 6,
     "metadata": {},
     "output_type": "execute_result"
    }
   ],
   "source": [
    "db_test.head()"
   ]
  },
  {
   "cell_type": "code",
   "execution_count": 7,
   "metadata": {},
   "outputs": [
    {
     "name": "stdout",
     "output_type": "stream",
     "text": [
      "<class 'pandas.core.frame.DataFrame'>\n",
      "RangeIndex: 891 entries, 0 to 890\n",
      "Data columns (total 12 columns):\n",
      " #   Column       Non-Null Count  Dtype  \n",
      "---  ------       --------------  -----  \n",
      " 0   PassengerId  891 non-null    int64  \n",
      " 1   Survived     891 non-null    int64  \n",
      " 2   Pclass       891 non-null    int64  \n",
      " 3   Name         891 non-null    object \n",
      " 4   Sex          891 non-null    object \n",
      " 5   Age          714 non-null    float64\n",
      " 6   SibSp        891 non-null    int64  \n",
      " 7   Parch        891 non-null    int64  \n",
      " 8   Ticket       891 non-null    object \n",
      " 9   Fare         891 non-null    float64\n",
      " 10  Cabin        204 non-null    object \n",
      " 11  Embarked     889 non-null    object \n",
      "dtypes: float64(2), int64(5), object(5)\n",
      "memory usage: 83.7+ KB\n"
     ]
    }
   ],
   "source": [
    "db.info()"
   ]
  },
  {
   "cell_type": "code",
   "execution_count": 8,
   "metadata": {},
   "outputs": [],
   "source": [
    "qtd_nan_train = db.isna().sum()\n",
    "qtd_nan_test = db_test.isna().sum()"
   ]
  },
  {
   "cell_type": "code",
   "execution_count": 9,
   "metadata": {
    "scrolled": true
   },
   "outputs": [
    {
     "data": {
      "text/plain": [
       "PassengerId      0\n",
       "Survived         0\n",
       "Pclass           0\n",
       "Name             0\n",
       "Sex              0\n",
       "Age            177\n",
       "SibSp            0\n",
       "Parch            0\n",
       "Ticket           0\n",
       "Fare             0\n",
       "Cabin          687\n",
       "Embarked         2\n",
       "dtype: int64"
      ]
     },
     "execution_count": 9,
     "metadata": {},
     "output_type": "execute_result"
    }
   ],
   "source": [
    "qtd_nan_train"
   ]
  },
  {
   "cell_type": "code",
   "execution_count": 10,
   "metadata": {},
   "outputs": [
    {
     "data": {
      "text/plain": [
       "PassengerId      0\n",
       "Pclass           0\n",
       "Name             0\n",
       "Sex              0\n",
       "Age             86\n",
       "SibSp            0\n",
       "Parch            0\n",
       "Ticket           0\n",
       "Fare             1\n",
       "Cabin          327\n",
       "Embarked         0\n",
       "dtype: int64"
      ]
     },
     "execution_count": 10,
     "metadata": {},
     "output_type": "execute_result"
    }
   ],
   "source": [
    "qtd_nan_test"
   ]
  },
  {
   "cell_type": "code",
   "execution_count": 11,
   "metadata": {},
   "outputs": [],
   "source": [
    "age_mean = db['Age'].mean(axis=0)"
   ]
  },
  {
   "cell_type": "code",
   "execution_count": 12,
   "metadata": {},
   "outputs": [],
   "source": [
    "db_copy['Age'].fillna(age_mean, inplace=True)"
   ]
  },
  {
   "cell_type": "code",
   "execution_count": 13,
   "metadata": {},
   "outputs": [
    {
     "data": {
      "text/html": [
       "<div>\n",
       "<style scoped>\n",
       "    .dataframe tbody tr th:only-of-type {\n",
       "        vertical-align: middle;\n",
       "    }\n",
       "\n",
       "    .dataframe tbody tr th {\n",
       "        vertical-align: top;\n",
       "    }\n",
       "\n",
       "    .dataframe thead th {\n",
       "        text-align: right;\n",
       "    }\n",
       "</style>\n",
       "<table border=\"1\" class=\"dataframe\">\n",
       "  <thead>\n",
       "    <tr style=\"text-align: right;\">\n",
       "      <th></th>\n",
       "      <th>PassengerId</th>\n",
       "      <th>Survived</th>\n",
       "      <th>Pclass</th>\n",
       "      <th>Age</th>\n",
       "      <th>SibSp</th>\n",
       "      <th>Parch</th>\n",
       "      <th>Fare</th>\n",
       "    </tr>\n",
       "  </thead>\n",
       "  <tbody>\n",
       "    <tr>\n",
       "      <th>PassengerId</th>\n",
       "      <td>1.000000</td>\n",
       "      <td>-0.005007</td>\n",
       "      <td>-0.035144</td>\n",
       "      <td>0.033207</td>\n",
       "      <td>-0.057527</td>\n",
       "      <td>-0.001652</td>\n",
       "      <td>0.012658</td>\n",
       "    </tr>\n",
       "    <tr>\n",
       "      <th>Survived</th>\n",
       "      <td>-0.005007</td>\n",
       "      <td>1.000000</td>\n",
       "      <td>-0.338481</td>\n",
       "      <td>-0.069809</td>\n",
       "      <td>-0.035322</td>\n",
       "      <td>0.081629</td>\n",
       "      <td>0.257307</td>\n",
       "    </tr>\n",
       "    <tr>\n",
       "      <th>Pclass</th>\n",
       "      <td>-0.035144</td>\n",
       "      <td>-0.338481</td>\n",
       "      <td>1.000000</td>\n",
       "      <td>-0.331339</td>\n",
       "      <td>0.083081</td>\n",
       "      <td>0.018443</td>\n",
       "      <td>-0.549500</td>\n",
       "    </tr>\n",
       "    <tr>\n",
       "      <th>Age</th>\n",
       "      <td>0.033207</td>\n",
       "      <td>-0.069809</td>\n",
       "      <td>-0.331339</td>\n",
       "      <td>1.000000</td>\n",
       "      <td>-0.232625</td>\n",
       "      <td>-0.179191</td>\n",
       "      <td>0.091566</td>\n",
       "    </tr>\n",
       "    <tr>\n",
       "      <th>SibSp</th>\n",
       "      <td>-0.057527</td>\n",
       "      <td>-0.035322</td>\n",
       "      <td>0.083081</td>\n",
       "      <td>-0.232625</td>\n",
       "      <td>1.000000</td>\n",
       "      <td>0.414838</td>\n",
       "      <td>0.159651</td>\n",
       "    </tr>\n",
       "    <tr>\n",
       "      <th>Parch</th>\n",
       "      <td>-0.001652</td>\n",
       "      <td>0.081629</td>\n",
       "      <td>0.018443</td>\n",
       "      <td>-0.179191</td>\n",
       "      <td>0.414838</td>\n",
       "      <td>1.000000</td>\n",
       "      <td>0.216225</td>\n",
       "    </tr>\n",
       "    <tr>\n",
       "      <th>Fare</th>\n",
       "      <td>0.012658</td>\n",
       "      <td>0.257307</td>\n",
       "      <td>-0.549500</td>\n",
       "      <td>0.091566</td>\n",
       "      <td>0.159651</td>\n",
       "      <td>0.216225</td>\n",
       "      <td>1.000000</td>\n",
       "    </tr>\n",
       "  </tbody>\n",
       "</table>\n",
       "</div>"
      ],
      "text/plain": [
       "             PassengerId  Survived    Pclass       Age     SibSp     Parch  \\\n",
       "PassengerId     1.000000 -0.005007 -0.035144  0.033207 -0.057527 -0.001652   \n",
       "Survived       -0.005007  1.000000 -0.338481 -0.069809 -0.035322  0.081629   \n",
       "Pclass         -0.035144 -0.338481  1.000000 -0.331339  0.083081  0.018443   \n",
       "Age             0.033207 -0.069809 -0.331339  1.000000 -0.232625 -0.179191   \n",
       "SibSp          -0.057527 -0.035322  0.083081 -0.232625  1.000000  0.414838   \n",
       "Parch          -0.001652  0.081629  0.018443 -0.179191  0.414838  1.000000   \n",
       "Fare            0.012658  0.257307 -0.549500  0.091566  0.159651  0.216225   \n",
       "\n",
       "                 Fare  \n",
       "PassengerId  0.012658  \n",
       "Survived     0.257307  \n",
       "Pclass      -0.549500  \n",
       "Age          0.091566  \n",
       "SibSp        0.159651  \n",
       "Parch        0.216225  \n",
       "Fare         1.000000  "
      ]
     },
     "execution_count": 13,
     "metadata": {},
     "output_type": "execute_result"
    }
   ],
   "source": [
    "db_copy.corr()"
   ]
  },
  {
   "cell_type": "code",
   "execution_count": 14,
   "metadata": {
    "scrolled": true
   },
   "outputs": [
    {
     "data": {
      "text/plain": [
       "0     7.2500\n",
       "1    71.2833\n",
       "2     7.9250\n",
       "3    53.1000\n",
       "4     8.0500\n",
       "5     8.4583\n",
       "6    51.8625\n",
       "7    21.0750\n",
       "8    11.1333\n",
       "9    30.0708\n",
       "Name: Fare, dtype: float64"
      ]
     },
     "execution_count": 14,
     "metadata": {},
     "output_type": "execute_result"
    }
   ],
   "source": [
    "db_copy['Fare'].head(10)"
   ]
  },
  {
   "cell_type": "code",
   "execution_count": 15,
   "metadata": {},
   "outputs": [],
   "source": [
    "a = pd.get_dummies(db_copy[\"Embarked\"])"
   ]
  },
  {
   "cell_type": "code",
   "execution_count": 16,
   "metadata": {
    "scrolled": true
   },
   "outputs": [],
   "source": [
    "db_copy = pd.concat([db_copy, a], axis=1)"
   ]
  },
  {
   "cell_type": "code",
   "execution_count": 17,
   "metadata": {},
   "outputs": [],
   "source": [
    "db_copy.drop(columns=[\"Embarked\"], inplace=True)"
   ]
  },
  {
   "cell_type": "code",
   "execution_count": 18,
   "metadata": {
    "scrolled": true
   },
   "outputs": [
    {
     "data": {
      "text/plain": [
       "PassengerId      0\n",
       "Survived         0\n",
       "Pclass           0\n",
       "Name             0\n",
       "Sex              0\n",
       "Age              0\n",
       "SibSp            0\n",
       "Parch            0\n",
       "Ticket           0\n",
       "Fare             0\n",
       "Cabin          687\n",
       "C                0\n",
       "Q                0\n",
       "S                0\n",
       "dtype: int64"
      ]
     },
     "execution_count": 18,
     "metadata": {},
     "output_type": "execute_result"
    }
   ],
   "source": [
    "db_copy.isna().sum()"
   ]
  },
  {
   "cell_type": "code",
   "execution_count": 19,
   "metadata": {},
   "outputs": [
    {
     "data": {
      "text/html": [
       "<div>\n",
       "<style scoped>\n",
       "    .dataframe tbody tr th:only-of-type {\n",
       "        vertical-align: middle;\n",
       "    }\n",
       "\n",
       "    .dataframe tbody tr th {\n",
       "        vertical-align: top;\n",
       "    }\n",
       "\n",
       "    .dataframe thead th {\n",
       "        text-align: right;\n",
       "    }\n",
       "</style>\n",
       "<table border=\"1\" class=\"dataframe\">\n",
       "  <thead>\n",
       "    <tr style=\"text-align: right;\">\n",
       "      <th></th>\n",
       "      <th>PassengerId</th>\n",
       "      <th>Survived</th>\n",
       "      <th>Pclass</th>\n",
       "      <th>Age</th>\n",
       "      <th>SibSp</th>\n",
       "      <th>Parch</th>\n",
       "      <th>Fare</th>\n",
       "      <th>C</th>\n",
       "      <th>Q</th>\n",
       "      <th>S</th>\n",
       "    </tr>\n",
       "  </thead>\n",
       "  <tbody>\n",
       "    <tr>\n",
       "      <th>PassengerId</th>\n",
       "      <td>1.000000</td>\n",
       "      <td>-0.005007</td>\n",
       "      <td>-0.035144</td>\n",
       "      <td>0.033207</td>\n",
       "      <td>-0.057527</td>\n",
       "      <td>-0.001652</td>\n",
       "      <td>0.012658</td>\n",
       "      <td>-0.001205</td>\n",
       "      <td>-0.033606</td>\n",
       "      <td>0.022148</td>\n",
       "    </tr>\n",
       "    <tr>\n",
       "      <th>Survived</th>\n",
       "      <td>-0.005007</td>\n",
       "      <td>1.000000</td>\n",
       "      <td>-0.338481</td>\n",
       "      <td>-0.069809</td>\n",
       "      <td>-0.035322</td>\n",
       "      <td>0.081629</td>\n",
       "      <td>0.257307</td>\n",
       "      <td>0.168240</td>\n",
       "      <td>0.003650</td>\n",
       "      <td>-0.155660</td>\n",
       "    </tr>\n",
       "    <tr>\n",
       "      <th>Pclass</th>\n",
       "      <td>-0.035144</td>\n",
       "      <td>-0.338481</td>\n",
       "      <td>1.000000</td>\n",
       "      <td>-0.331339</td>\n",
       "      <td>0.083081</td>\n",
       "      <td>0.018443</td>\n",
       "      <td>-0.549500</td>\n",
       "      <td>-0.243292</td>\n",
       "      <td>0.221009</td>\n",
       "      <td>0.081720</td>\n",
       "    </tr>\n",
       "    <tr>\n",
       "      <th>Age</th>\n",
       "      <td>0.033207</td>\n",
       "      <td>-0.069809</td>\n",
       "      <td>-0.331339</td>\n",
       "      <td>1.000000</td>\n",
       "      <td>-0.232625</td>\n",
       "      <td>-0.179191</td>\n",
       "      <td>0.091566</td>\n",
       "      <td>0.032024</td>\n",
       "      <td>-0.013855</td>\n",
       "      <td>-0.027121</td>\n",
       "    </tr>\n",
       "    <tr>\n",
       "      <th>SibSp</th>\n",
       "      <td>-0.057527</td>\n",
       "      <td>-0.035322</td>\n",
       "      <td>0.083081</td>\n",
       "      <td>-0.232625</td>\n",
       "      <td>1.000000</td>\n",
       "      <td>0.414838</td>\n",
       "      <td>0.159651</td>\n",
       "      <td>-0.059528</td>\n",
       "      <td>-0.026354</td>\n",
       "      <td>0.070941</td>\n",
       "    </tr>\n",
       "    <tr>\n",
       "      <th>Parch</th>\n",
       "      <td>-0.001652</td>\n",
       "      <td>0.081629</td>\n",
       "      <td>0.018443</td>\n",
       "      <td>-0.179191</td>\n",
       "      <td>0.414838</td>\n",
       "      <td>1.000000</td>\n",
       "      <td>0.216225</td>\n",
       "      <td>-0.011069</td>\n",
       "      <td>-0.081228</td>\n",
       "      <td>0.063036</td>\n",
       "    </tr>\n",
       "    <tr>\n",
       "      <th>Fare</th>\n",
       "      <td>0.012658</td>\n",
       "      <td>0.257307</td>\n",
       "      <td>-0.549500</td>\n",
       "      <td>0.091566</td>\n",
       "      <td>0.159651</td>\n",
       "      <td>0.216225</td>\n",
       "      <td>1.000000</td>\n",
       "      <td>0.269335</td>\n",
       "      <td>-0.117216</td>\n",
       "      <td>-0.166603</td>\n",
       "    </tr>\n",
       "    <tr>\n",
       "      <th>C</th>\n",
       "      <td>-0.001205</td>\n",
       "      <td>0.168240</td>\n",
       "      <td>-0.243292</td>\n",
       "      <td>0.032024</td>\n",
       "      <td>-0.059528</td>\n",
       "      <td>-0.011069</td>\n",
       "      <td>0.269335</td>\n",
       "      <td>1.000000</td>\n",
       "      <td>-0.148258</td>\n",
       "      <td>-0.778359</td>\n",
       "    </tr>\n",
       "    <tr>\n",
       "      <th>Q</th>\n",
       "      <td>-0.033606</td>\n",
       "      <td>0.003650</td>\n",
       "      <td>0.221009</td>\n",
       "      <td>-0.013855</td>\n",
       "      <td>-0.026354</td>\n",
       "      <td>-0.081228</td>\n",
       "      <td>-0.117216</td>\n",
       "      <td>-0.148258</td>\n",
       "      <td>1.000000</td>\n",
       "      <td>-0.496624</td>\n",
       "    </tr>\n",
       "    <tr>\n",
       "      <th>S</th>\n",
       "      <td>0.022148</td>\n",
       "      <td>-0.155660</td>\n",
       "      <td>0.081720</td>\n",
       "      <td>-0.027121</td>\n",
       "      <td>0.070941</td>\n",
       "      <td>0.063036</td>\n",
       "      <td>-0.166603</td>\n",
       "      <td>-0.778359</td>\n",
       "      <td>-0.496624</td>\n",
       "      <td>1.000000</td>\n",
       "    </tr>\n",
       "  </tbody>\n",
       "</table>\n",
       "</div>"
      ],
      "text/plain": [
       "             PassengerId  Survived    Pclass       Age     SibSp     Parch  \\\n",
       "PassengerId     1.000000 -0.005007 -0.035144  0.033207 -0.057527 -0.001652   \n",
       "Survived       -0.005007  1.000000 -0.338481 -0.069809 -0.035322  0.081629   \n",
       "Pclass         -0.035144 -0.338481  1.000000 -0.331339  0.083081  0.018443   \n",
       "Age             0.033207 -0.069809 -0.331339  1.000000 -0.232625 -0.179191   \n",
       "SibSp          -0.057527 -0.035322  0.083081 -0.232625  1.000000  0.414838   \n",
       "Parch          -0.001652  0.081629  0.018443 -0.179191  0.414838  1.000000   \n",
       "Fare            0.012658  0.257307 -0.549500  0.091566  0.159651  0.216225   \n",
       "C              -0.001205  0.168240 -0.243292  0.032024 -0.059528 -0.011069   \n",
       "Q              -0.033606  0.003650  0.221009 -0.013855 -0.026354 -0.081228   \n",
       "S               0.022148 -0.155660  0.081720 -0.027121  0.070941  0.063036   \n",
       "\n",
       "                 Fare         C         Q         S  \n",
       "PassengerId  0.012658 -0.001205 -0.033606  0.022148  \n",
       "Survived     0.257307  0.168240  0.003650 -0.155660  \n",
       "Pclass      -0.549500 -0.243292  0.221009  0.081720  \n",
       "Age          0.091566  0.032024 -0.013855 -0.027121  \n",
       "SibSp        0.159651 -0.059528 -0.026354  0.070941  \n",
       "Parch        0.216225 -0.011069 -0.081228  0.063036  \n",
       "Fare         1.000000  0.269335 -0.117216 -0.166603  \n",
       "C            0.269335  1.000000 -0.148258 -0.778359  \n",
       "Q           -0.117216 -0.148258  1.000000 -0.496624  \n",
       "S           -0.166603 -0.778359 -0.496624  1.000000  "
      ]
     },
     "execution_count": 19,
     "metadata": {},
     "output_type": "execute_result"
    }
   ],
   "source": [
    "db_copy.corr()"
   ]
  },
  {
   "cell_type": "code",
   "execution_count": 20,
   "metadata": {},
   "outputs": [],
   "source": [
    "one_hot_sex = pd.get_dummies(db_copy[\"Sex\"])"
   ]
  },
  {
   "cell_type": "code",
   "execution_count": 21,
   "metadata": {},
   "outputs": [],
   "source": [
    "db_copy = pd.concat([db_copy, one_hot_sex], axis=1)"
   ]
  },
  {
   "cell_type": "code",
   "execution_count": 22,
   "metadata": {},
   "outputs": [
    {
     "data": {
      "text/plain": [
       "PassengerId      0\n",
       "Survived         0\n",
       "Pclass           0\n",
       "Name             0\n",
       "Sex              0\n",
       "Age              0\n",
       "SibSp            0\n",
       "Parch            0\n",
       "Ticket           0\n",
       "Fare             0\n",
       "Cabin          687\n",
       "C                0\n",
       "Q                0\n",
       "S                0\n",
       "female           0\n",
       "male             0\n",
       "dtype: int64"
      ]
     },
     "execution_count": 22,
     "metadata": {},
     "output_type": "execute_result"
    }
   ],
   "source": [
    "db_copy.isna().sum()"
   ]
  },
  {
   "cell_type": "code",
   "execution_count": 23,
   "metadata": {},
   "outputs": [],
   "source": [
    "db_copy.drop(columns=[\"Sex\"], inplace=True)"
   ]
  },
  {
   "cell_type": "code",
   "execution_count": 24,
   "metadata": {},
   "outputs": [
    {
     "data": {
      "text/html": [
       "<div>\n",
       "<style scoped>\n",
       "    .dataframe tbody tr th:only-of-type {\n",
       "        vertical-align: middle;\n",
       "    }\n",
       "\n",
       "    .dataframe tbody tr th {\n",
       "        vertical-align: top;\n",
       "    }\n",
       "\n",
       "    .dataframe thead th {\n",
       "        text-align: right;\n",
       "    }\n",
       "</style>\n",
       "<table border=\"1\" class=\"dataframe\">\n",
       "  <thead>\n",
       "    <tr style=\"text-align: right;\">\n",
       "      <th></th>\n",
       "      <th>PassengerId</th>\n",
       "      <th>Survived</th>\n",
       "      <th>Pclass</th>\n",
       "      <th>Age</th>\n",
       "      <th>SibSp</th>\n",
       "      <th>Parch</th>\n",
       "      <th>Fare</th>\n",
       "      <th>C</th>\n",
       "      <th>Q</th>\n",
       "      <th>S</th>\n",
       "      <th>female</th>\n",
       "      <th>male</th>\n",
       "    </tr>\n",
       "  </thead>\n",
       "  <tbody>\n",
       "    <tr>\n",
       "      <th>PassengerId</th>\n",
       "      <td>1.000000</td>\n",
       "      <td>-0.005007</td>\n",
       "      <td>-0.035144</td>\n",
       "      <td>0.033207</td>\n",
       "      <td>-0.057527</td>\n",
       "      <td>-0.001652</td>\n",
       "      <td>0.012658</td>\n",
       "      <td>-0.001205</td>\n",
       "      <td>-0.033606</td>\n",
       "      <td>0.022148</td>\n",
       "      <td>-0.042939</td>\n",
       "      <td>0.042939</td>\n",
       "    </tr>\n",
       "    <tr>\n",
       "      <th>Survived</th>\n",
       "      <td>-0.005007</td>\n",
       "      <td>1.000000</td>\n",
       "      <td>-0.338481</td>\n",
       "      <td>-0.069809</td>\n",
       "      <td>-0.035322</td>\n",
       "      <td>0.081629</td>\n",
       "      <td>0.257307</td>\n",
       "      <td>0.168240</td>\n",
       "      <td>0.003650</td>\n",
       "      <td>-0.155660</td>\n",
       "      <td>0.543351</td>\n",
       "      <td>-0.543351</td>\n",
       "    </tr>\n",
       "    <tr>\n",
       "      <th>Pclass</th>\n",
       "      <td>-0.035144</td>\n",
       "      <td>-0.338481</td>\n",
       "      <td>1.000000</td>\n",
       "      <td>-0.331339</td>\n",
       "      <td>0.083081</td>\n",
       "      <td>0.018443</td>\n",
       "      <td>-0.549500</td>\n",
       "      <td>-0.243292</td>\n",
       "      <td>0.221009</td>\n",
       "      <td>0.081720</td>\n",
       "      <td>-0.131900</td>\n",
       "      <td>0.131900</td>\n",
       "    </tr>\n",
       "    <tr>\n",
       "      <th>Age</th>\n",
       "      <td>0.033207</td>\n",
       "      <td>-0.069809</td>\n",
       "      <td>-0.331339</td>\n",
       "      <td>1.000000</td>\n",
       "      <td>-0.232625</td>\n",
       "      <td>-0.179191</td>\n",
       "      <td>0.091566</td>\n",
       "      <td>0.032024</td>\n",
       "      <td>-0.013855</td>\n",
       "      <td>-0.027121</td>\n",
       "      <td>-0.084153</td>\n",
       "      <td>0.084153</td>\n",
       "    </tr>\n",
       "    <tr>\n",
       "      <th>SibSp</th>\n",
       "      <td>-0.057527</td>\n",
       "      <td>-0.035322</td>\n",
       "      <td>0.083081</td>\n",
       "      <td>-0.232625</td>\n",
       "      <td>1.000000</td>\n",
       "      <td>0.414838</td>\n",
       "      <td>0.159651</td>\n",
       "      <td>-0.059528</td>\n",
       "      <td>-0.026354</td>\n",
       "      <td>0.070941</td>\n",
       "      <td>0.114631</td>\n",
       "      <td>-0.114631</td>\n",
       "    </tr>\n",
       "    <tr>\n",
       "      <th>Parch</th>\n",
       "      <td>-0.001652</td>\n",
       "      <td>0.081629</td>\n",
       "      <td>0.018443</td>\n",
       "      <td>-0.179191</td>\n",
       "      <td>0.414838</td>\n",
       "      <td>1.000000</td>\n",
       "      <td>0.216225</td>\n",
       "      <td>-0.011069</td>\n",
       "      <td>-0.081228</td>\n",
       "      <td>0.063036</td>\n",
       "      <td>0.245489</td>\n",
       "      <td>-0.245489</td>\n",
       "    </tr>\n",
       "    <tr>\n",
       "      <th>Fare</th>\n",
       "      <td>0.012658</td>\n",
       "      <td>0.257307</td>\n",
       "      <td>-0.549500</td>\n",
       "      <td>0.091566</td>\n",
       "      <td>0.159651</td>\n",
       "      <td>0.216225</td>\n",
       "      <td>1.000000</td>\n",
       "      <td>0.269335</td>\n",
       "      <td>-0.117216</td>\n",
       "      <td>-0.166603</td>\n",
       "      <td>0.182333</td>\n",
       "      <td>-0.182333</td>\n",
       "    </tr>\n",
       "    <tr>\n",
       "      <th>C</th>\n",
       "      <td>-0.001205</td>\n",
       "      <td>0.168240</td>\n",
       "      <td>-0.243292</td>\n",
       "      <td>0.032024</td>\n",
       "      <td>-0.059528</td>\n",
       "      <td>-0.011069</td>\n",
       "      <td>0.269335</td>\n",
       "      <td>1.000000</td>\n",
       "      <td>-0.148258</td>\n",
       "      <td>-0.778359</td>\n",
       "      <td>0.082853</td>\n",
       "      <td>-0.082853</td>\n",
       "    </tr>\n",
       "    <tr>\n",
       "      <th>Q</th>\n",
       "      <td>-0.033606</td>\n",
       "      <td>0.003650</td>\n",
       "      <td>0.221009</td>\n",
       "      <td>-0.013855</td>\n",
       "      <td>-0.026354</td>\n",
       "      <td>-0.081228</td>\n",
       "      <td>-0.117216</td>\n",
       "      <td>-0.148258</td>\n",
       "      <td>1.000000</td>\n",
       "      <td>-0.496624</td>\n",
       "      <td>0.074115</td>\n",
       "      <td>-0.074115</td>\n",
       "    </tr>\n",
       "    <tr>\n",
       "      <th>S</th>\n",
       "      <td>0.022148</td>\n",
       "      <td>-0.155660</td>\n",
       "      <td>0.081720</td>\n",
       "      <td>-0.027121</td>\n",
       "      <td>0.070941</td>\n",
       "      <td>0.063036</td>\n",
       "      <td>-0.166603</td>\n",
       "      <td>-0.778359</td>\n",
       "      <td>-0.496624</td>\n",
       "      <td>1.000000</td>\n",
       "      <td>-0.125722</td>\n",
       "      <td>0.125722</td>\n",
       "    </tr>\n",
       "    <tr>\n",
       "      <th>female</th>\n",
       "      <td>-0.042939</td>\n",
       "      <td>0.543351</td>\n",
       "      <td>-0.131900</td>\n",
       "      <td>-0.084153</td>\n",
       "      <td>0.114631</td>\n",
       "      <td>0.245489</td>\n",
       "      <td>0.182333</td>\n",
       "      <td>0.082853</td>\n",
       "      <td>0.074115</td>\n",
       "      <td>-0.125722</td>\n",
       "      <td>1.000000</td>\n",
       "      <td>-1.000000</td>\n",
       "    </tr>\n",
       "    <tr>\n",
       "      <th>male</th>\n",
       "      <td>0.042939</td>\n",
       "      <td>-0.543351</td>\n",
       "      <td>0.131900</td>\n",
       "      <td>0.084153</td>\n",
       "      <td>-0.114631</td>\n",
       "      <td>-0.245489</td>\n",
       "      <td>-0.182333</td>\n",
       "      <td>-0.082853</td>\n",
       "      <td>-0.074115</td>\n",
       "      <td>0.125722</td>\n",
       "      <td>-1.000000</td>\n",
       "      <td>1.000000</td>\n",
       "    </tr>\n",
       "  </tbody>\n",
       "</table>\n",
       "</div>"
      ],
      "text/plain": [
       "             PassengerId  Survived    Pclass       Age     SibSp     Parch  \\\n",
       "PassengerId     1.000000 -0.005007 -0.035144  0.033207 -0.057527 -0.001652   \n",
       "Survived       -0.005007  1.000000 -0.338481 -0.069809 -0.035322  0.081629   \n",
       "Pclass         -0.035144 -0.338481  1.000000 -0.331339  0.083081  0.018443   \n",
       "Age             0.033207 -0.069809 -0.331339  1.000000 -0.232625 -0.179191   \n",
       "SibSp          -0.057527 -0.035322  0.083081 -0.232625  1.000000  0.414838   \n",
       "Parch          -0.001652  0.081629  0.018443 -0.179191  0.414838  1.000000   \n",
       "Fare            0.012658  0.257307 -0.549500  0.091566  0.159651  0.216225   \n",
       "C              -0.001205  0.168240 -0.243292  0.032024 -0.059528 -0.011069   \n",
       "Q              -0.033606  0.003650  0.221009 -0.013855 -0.026354 -0.081228   \n",
       "S               0.022148 -0.155660  0.081720 -0.027121  0.070941  0.063036   \n",
